[[ 0.86260068  0.80703313  0.18194175 ...,  0.04226277 -0.1295065
  -0.96216578]
 [-0.83643106 -0.31305699  0.81771629 ...,  1.31322555 -0.30416519
   0.34232327]
 [ 1.52353342  0.39059402 -0.55049762 ...,  0.51683847  0.2886133
   0.3707144 ]
 ..., 
 [-2.48933204  0.65292987 -0.34382394 ..., -0.15595788  2.58562618
  -0.48640106]
 [ 0.12827507  0.65580638 -0.86683857 ...,  1.09782928  2.19970498
   1.22339593]
 [ 1.08073886  0.11414964  1.18933442 ...,  0.37117112  0.39698048
  -1.73772686]] 

[1 1 1 ..., 1 0 0]
SVM
             precision    recall  f1-score   support

          0       0.49      0.50      0.49       222
          1       0.50      0.50      0.50       228

avg / total       0.50      0.50      0.50       450

SVM CoTraining
             precision    recall  f1-score   support

          0       0.50      0.52      0.51       222
          1       0.52      0.50      0.51       228

avg / total       0.51      0.51      0.51       450

